## Unknot (UK)
#UK1=np.array([[0,0,0],[0,1,0],[1,1,0],[1,0,0]])
#UK2=np.array([[0,0,0],[1,1,1], [0,1,0],[1,0,0]])
#UK3=np.array([[0,0,0],[1,1,1],[2,1,0],[3,0,1],[3,1,0],[2,0,0],[1,0,0],[0,1,0]])

## Trefoil (TF)
#TF=np.array([[1, 0, 0],[4, 0, 0],[1, 6, 2],[0, 2, -5],[5, 2, 5],[4, 6, -2]])
#np.array([[[1, 0, 0], [4, 0, 0], [2.75, 2.5, 1], [1, 6, 2], [0, 2, -5], [2.5, 2, 0], [5, 2, 5], [4, 6, -2], [2.2, 2.5, -1], [1, 0, 0]]])

## Figure 8 (F8)
#F8=np.array([[1,0,0],[7,0,0],[3,4,1],[7,4,-2],[4,1,2],[0,5,-7],[6,5,0],[1,0,0]])

## Hopf
#HF=np.array([[[-2,1,0],[1,0,0],[-2,-1,0]],[[-1,0,0],[2,1,1],[2,-1,-1]]])

